DateTime,Entries,UniqueIPs
1438136187,0,0
1438136187,0,0
1438136187,0,0
1438136187,0,0
1438136187,199,2558208
1438136187,199,2558208
1438136187,199,2558208
1440631768,240,2544384
1440631768,240,2544384
1443512099,185,2557184
1446103148,188,2523648
1448836885,193,2527744
1451465577,200,2529536
1454025634,199,2530816
1454452580,195,2564352
1456617637,197,2564864
1457913920,198,2564864
1459215119,200,2566656
1461880281,194,2565120
1464584821,195,2566912
1465357136,196,2567168
1467243763,198,2569216
1469759141,199,2569472
1472424244,198,2569472
1475106770,201,2571520
1477611060,203,2572288
1479089381,205,2573056
1480463219,206,2574080
1481597487,206,2575616
1483056452,207,2575616
1485219556,213,2578688
1488152366,217,2580992
1490917929,217,2575104
1493318955,215,2574336
1496154684,232,2572032
1498709715,214,2575360
